$MeshFormat
2.2 0 8
$EndMeshFormat
$Nodes
393
1 0 0.075 0
2 0.014632 0.073559 0
3 0.028701 0.06929100000000001 0
4 0.041668 0.06236 0
5 0.053033 0.053033 0
6 0.06236 0.041668 0
7 0.06929100000000001 0.028701 0
8 0.073559 0.014632 0
9 0.075 0 0
10 0.073559 -0.014632 0
11 0.06929100000000001 -0.028701 0
12 0.06236 -0.041668 0
13 0.053033 -0.053033 0
14 0.041668 -0.06236 0
15 0.028701 -0.06929100000000001 0
16 0.014632 -0.073559 0
17 -0 -0.075 0
18 -0.014632 -0.073559 0
19 -0.028701 -0.06929100000000001 0
20 -0.041668 -0.06236 0
21 -0.053033 -0.053033 0
22 -0.06236 -0.041668 0
23 -0.06929100000000001 -0.028701 0
24 -0.073559 -0.014632 0
25 -0.075 0 0
26 -0.073559 0.014632 0
27 -0.06929100000000001 0.028701 0
28 -0.06236 0.041668 0
29 -0.053033 0.053033 0
30 -0.041668 0.06236 0
31 -0.028701 0.06929100000000001 0
32 -0.014632 0.073559 0
33 0 0 0
34 0.007315999999980527 0.07427950000000191 0
35 0.02166649999997756 0.0714250000000068 0
36 0.0351844999999839 0.06582550000000861 0
37 0.04735049999998178 0.05769650000001495 0
38 0.05769649999998504 0.04735050000001822 0
39 0.06582549999999171 0.0351845000000155 0
40 0.07142499999999442 0.0216665000000184 0
41 0.07427949999999804 0.00731600000001989 0
42 0.07427950000000191 -0.007315999999980527 0
43 0.0714250000000068 -0.02166649999997756 0
44 0.06582550000000861 -0.0351844999999839 0
45 0.05769650000001495 -0.04735049999998178 0
46 0.04735050000001822 -0.05769649999998504 0
47 0.0351845000000155 -0.06582549999999171 0
48 0.0216665000000184 -0.07142499999999442 0
49 0.00731600000001989 -0.07427949999999804 0
50 -0.007315999999980527 -0.07427950000000191 0
51 -0.02166649999997756 -0.0714250000000068 0
52 -0.0351844999999839 -0.06582550000000861 0
53 -0.04735049999998178 -0.05769650000001495 0
54 -0.05769649999998504 -0.04735050000001822 0
55 -0.06582549999999171 -0.0351845000000155 0
56 -0.07142499999999442 -0.0216665000000184 0
57 -0.07427949999999804 -0.00731600000001989 0
58 -0.07427950000000191 0.007315999999980527 0
59 -0.0714250000000068 0.02166649999997756 0
60 -0.06582550000000861 0.0351844999999839 0
61 -0.05769650000001495 0.04735049999998178 0
62 -0.04735050000001822 0.05769649999998504 0
63 -0.0351845000000155 0.06582549999999171 0
64 -0.0216665000000184 0.07142499999999442 0
65 -0.00731600000001989 0.07427949999999804 0
66 -0.02495655532728729 -0.02628945756713197 0
67 -0.02628945756713198 0.02495655532728729 -0
68 0.02495655532728728 0.02628945756713196 0
69 0.02628945756713195 -0.02495655532728728 0
70 -0.0009826324049711317 0.04354324350814734 -0
71 0.04354324350814734 0.0009826324049711311 0
72 0.0009826324049711276 -0.04354324350814734 0
73 -0.04354324350814735 -0.0009826324049711289 0
74 0.02160136019881919 0.04821085401792286 0
75 0.04821085401792286 -0.02160136019881919 0
76 -0.0216013601988192 -0.04821085401792288 0
77 -0.04821085401792288 0.0216013601988192 -0
78 0.04846420041716027 0.02052886678586345 0
79 -0.04846420041716028 -0.02052886678586346 0
80 -0.02052886678586345 0.04846420041716028 -0
81 0.02052886678586345 -0.04846420041716027 0
82 -0.002022253056913178 -0.02203330993279682 0
83 -0.02203330993279682 0.002022253056913183 -0
84 0.002022253056913171 0.02203330993279682 0
85 0.02209170514683252 -0.002512972113000824 0
86 0.04146806731912931 0.03885303823672139 0
87 0.03885303823672139 -0.04146806731912931 0
88 -0.04146806731912931 -0.0388530382367214 0
89 -0.0388530382367214 0.04146806731912931 -0
90 0.01092200121770177 0.05950676228972129 0
91 0.05950676228972129 -0.01092200121770177 0
92 -0.01092200121770177 -0.05950676228972129 0
93 -0.05950676228972129 0.01092200121770177 -0
94 0.05888998165003501 0.009948977289880227 0
95 0.009948977289880227 -0.05888998165003501 0
96 -0.05888998165003501 -0.009948977289880227 0
97 -0.009948977289880227 0.05888998165003502 -0
98 -0.0291573738800167 -0.01061948711411526 0
99 -0.01061948711411526 0.02915737388001671 -0
100 0.01061948711411525 -0.02915737388001669 0
101 0.0291573738800167 0.01061948711411526 0
102 -0.03542355431531561 0.01256921558707171 -0
103 0.01256921558707169 0.03542355431531558 0
104 0.03542355431531558 -0.01256921558707169 0
105 -0.01256921558707171 -0.03542355431531561 0
106 0.009339401042945034 -0.01417616154587711 0
107 -0.01368124892163033 -0.01014980237187624 0
108 0.01417616154587712 0.009339401042945056 0
109 -0.01014980237187625 0.01368124892163033 -0
110 0.03431364433984009 0.05129459004231444 0
111 0.05129459004231444 -0.03431364433984009 0
112 -0.03431364433984009 -0.05129459004231446 0
113 -0.05129459004231446 0.03431364433984009 -0
114 0.05380633693703789 0.03292805234909685 0
115 0.03292805234909685 -0.05380633693703789 0
116 -0.05380633693703789 -0.03292805234909685 0
117 -0.03292805234909685 0.05380633693703789 -0
118 0.02225789681982814 0.05995158898123815 0
119 0.05995158898123815 -0.02225789681982814 0
120 -0.02225789681982814 -0.05995158898123815 0
121 -0.05995158898123815 0.02225789681982814 -0
122 0.06004129597015671 0.02205405401597629 0
123 0.02205405401597629 -0.06004129597015671 0
124 -0.06004129597015671 -0.02205405401597629 0
125 -0.02205405401597629 0.06004129597015671 -0
126 0.02897404512262872 0.03807113449535501 0
127 0.03807113449535501 -0.02897404512262872 0
128 -0.02897404512262871 -0.03807113449535504 0
129 -0.03807113449535504 0.02897404512262871 -0
130 0.03826759185613528 0.02740558841182776 0
131 0.02740558841182776 -0.03826759185613528 0
132 -0.03826759185613528 -0.02740558841182776 0
133 -0.02740558841182776 0.03826759185613528 -0
134 -3.27721389008471e-05 0.06444592134123756 -0
135 0.06444592134123756 3.27721389008471e-05 0
136 3.277213890084836e-05 -0.06444592134123756 0
137 -0.06444592134123756 -3.277213890084836e-05 0
138 -0.01226003128556755 0.0417103632930041 -0
139 0.04171036329300411 0.01226003128556755 0
140 -0.04171036329300411 -0.01226003128556756 0
141 0.01226003128556756 -0.04171036329300411 0
142 -0.01016645437593672 -0.04737148746642587 0
143 -0.04737148746642587 0.01016645437593672 -0
144 0.01016645437593671 0.04737148746642587 0
145 0.04737148746642587 -0.01016645437593671 0
146 -0.01754857812671634 -0.01978567799704654 0
147 0.01966990637862779 -0.01761927993018015 0
148 -0.01978567799704655 0.01754857812671634 -0
149 0.01761927993018016 0.0196699063786278 0
150 -0.03355702645436442 0.003052990326194931 -0
151 -0.003052990326194929 -0.03355702645436441 0
152 0.003052990326194923 0.0335570264543644 0
153 0.03356536862779808 -0.003123093048493158 0
154 0.04443883165329771 0.04835478784602789 0
155 0.04835478784602789 -0.04443883165329771 0
156 -0.04443883165329771 -0.04835478784602788 0
157 -0.04835478784602788 0.04443883165329771 -0
158 0.0004409653054825121 0.05182635949789734 0
159 0.05182635949789733 -0.0004409653054825117 0
160 -0.05182635949789733 0.0004409653054825125 -0
161 -0.0004409653054825128 -0.05182635949789733 0
162 0.05058885066665075 0.0415317742483138 0
163 0.0415317742483138 -0.05058885066665075 0
164 -0.05058885066665075 -0.04153177424831379 0
165 -0.04153177424831379 0.05058885066665075 -0
166 -0.003565863616733903 -0.0107946848707738 0
167 -0.01086705155721044 0.003585391461528963 -0
168 0.003022853067812227 0.0108402594688452 0
169 0.01112077775979728 -0.00188066249735581 0
170 0.03015146854173632 0.05799420443724088 0
171 0.05799420443724088 -0.03015146854173632 0
172 -0.03015146854173632 -0.05799420443724088 0
173 -0.05799420443724088 0.03015146854173632 -0
174 0.04966494312142584 0.007615023791612308 0
175 0.007615023791612308 -0.04966494312142584 0
176 -0.04966494312142584 -0.007615023791612308 0
177 -0.007615023791612308 0.04966494312142585 -0
178 0.01859649762921831 -0.03455015083588617 0
179 -0.03455015083588618 -0.01859649762921831 0
180 -0.01859649762921831 0.03455015083588618 -0
181 0.03455015083588619 0.01859649762921831 0
182 0.01627567211024862 0.06512189790560582 0
183 0.06512189790560582 -0.01627567211024862 0
184 -0.01627567211024861 -0.06512189790560582 0
185 -0.06512189790560582 0.01627567211024861 -0
186 0.06437656079943248 0.01654883167159948 0
187 0.01654883167159948 -0.06437656079943248 0
188 -0.06437656079943248 -0.01654883167159948 0
189 -0.01654883167159948 0.06437656079943248 -0
190 0.02068595627178007 0.03944600337056618 0
191 0.03944600337056618 -0.02068595627178007 0
192 -0.02068595627178008 -0.03944600337056623 0
193 -0.03944600337056623 0.02068595627178007 -0
194 -0.02237409183401811 -0.004826539075886451 0
195 0.004826539075886455 -0.0223740918340181 0
196 -0.004826539075886469 0.02237409183401812 -0
197 0.02223921128895741 0.005122120686348347 0
198 0.04556758673963051 0.03148752429830779 0
199 0.03148752429830779 -0.04556758673963051 0
200 -0.04556758673963051 -0.0314875242983078 0
201 -0.0314875242983078 0.04556758673963051 -0
202 0.02661106055367592 0.01858184414306991 0
203 -0.01860113941280638 0.0265992769197653 -0
204 0.01858184414306991 -0.02661106055367592 0
205 -0.02659927691976529 -0.01860113941280638 0
206 0.06646749917409203 0.007413824360410447 0
207 0.007413824360410447 -0.06646749917409203 0
208 -0.06646749917409203 -0.007413824360410447 0
209 -0.007413824360410447 0.06646749917409203 -0
210 0.007443491030472781 0.06646889650247977 0
211 0.06646889650247977 -0.007443491030472781 0
212 -0.007443491030472776 -0.06646889650247978 0
213 -0.06646889650247978 0.007443491030472776 -0
214 -0.01623485110546677 -0.05349603095293513 0
215 -0.05349603095293513 0.01623485110546677 -0
216 0.01623485110546677 0.05349603095293513 0
217 0.05349603095293513 -0.01623485110546677 0
218 0.05478837680381111 0.01682979749139557 0
219 -0.05478837680381111 -0.01682979749139557 0
220 -0.01682979749139557 0.05478837680381111 -0
221 0.01682979749139557 -0.05478837680381111 0
222 0.06134718633491447 0.02909850175504078 0
223 0.02909850175504078 -0.06134718633491447 0
224 -0.06134718633491447 -0.02909850175504078 0
225 -0.02909850175504078 0.06134718633491447 -0
226 -0.03713286780344829 -0.005404774471236521 0
227 0.00540477447123652 -0.03713286780344827 0
228 0.03713286780344829 0.005404774471236517 0
229 -0.005404774471236514 0.03713286780344829 -0
230 -0.01838845394355498 -0.03032211265531677 0
231 -0.03032211265531678 0.01838845394355499 -0
232 0.01840023757746562 0.0303028173855803 0
233 0.03030281738558029 -0.01840023757746562 0
234 0.04128862523742781 0.05440788331256956 0
235 0.05440788331256956 -0.04128862523742781 0
236 -0.04128862523742781 -0.05440788331256954 0
237 -0.05440788331256954 0.04128862523742781 -0
238 0.007226376652873193 0.0414647456789429 0
239 0.04146573879482786 -0.007234722215051553 0
240 -0.007226376652873204 -0.04146474567894291 0
241 -0.04146474567894291 0.0072263766528732 -0
242 -0.03466406565812784 -0.04269128061058359 0
243 -0.04269128061058359 0.03466406565812784 -0
244 0.03466406565812784 0.04269128061058357 0
245 0.04269128061058357 -0.03466406565812784 0
246 -0.01057405749396606 -0.02619656887125124 0
247 -0.02619656887125124 0.01057405749396607 -0
248 0.0105878050668618 0.02617405772322537 0
249 0.02658571643602963 -0.01060620812240892 0
250 0.02877047570461943 0.04660743717851783 0
251 0.04660743717851783 -0.02877047570461943 0
252 -0.02877047570461943 -0.04660743717851786 0
253 -0.04660743717851786 0.02877047570461943 -0
254 0.03577793209995923 0.03457660303216951 0
255 -0.03577793209995923 -0.03457660303216951 0
256 -0.03457660303216951 0.03577793209995923 -0
257 0.03457660303216951 -0.03577793209995923 0
258 0.05257725054458736 0.02551473621630966 0
259 -0.05257725054458737 -0.02551473621630967 0
260 -0.02551473621630967 0.05257725054458737 -0
261 0.02551473621630966 -0.05257725054458736 0
262 0.004940087955308769 -0.007543668176054523 0
263 -0.009588244151807186 -0.0172965011127256 0
264 0.00941016905221688 0.01569411204341111 0
265 0.01574835133499315 -0.009286881166774506 0
266 -0.01730683921078799 0.009591033843920771 -0
267 0.01920247487442418 -0.04162460760799783 0
268 -0.01920247487442418 0.04162460760799783 -0
269 0.04162460760799783 0.01920247487442418 0
270 -0.04162460760799784 -0.01920247487442418 0
271 0.0254840786934078 0.05340003247684442 0
272 0.05340003247684442 -0.0254840786934078 0
273 -0.0254840786934078 -0.05340003247684443 0
274 -0.05340003247684443 0.0254840786934078 -0
275 -0.05650635079840315 -0.038841235310418 0
276 -0.038841235310418 0.05650635079840315 -0
277 0.05650635079840317 0.03884123531041797 0
278 0.03884123531041797 -0.05650635079840317 0
279 -0.004325765601514148 0.008074480934447799 -0
280 -0.008303782267397824 -0.004171529067330722 0
281 0.03313120740404881 -0.02459425623216302 0
282 0.02459425623216303 0.03313120740404881 0
283 -0.02459189950538089 -0.03313506645799614 0
284 -0.03313506645799614 0.02459189950538089 -0
285 -0.01518055141689537 0.04766503903686922 -0
286 -0.04766503903686922 -0.01518055141689537 0
287 0.01518055141689537 -0.04766503903686922 0
288 0.04766503903686922 0.01518055141689537 0
289 0.02376755267171104 0.06580337667272958 0
290 0.06580337667272958 -0.02376755267171104 0
291 -0.02376755267171104 -0.06580337667272956 0
292 -0.06580337667272956 0.02376755267171104 -0
293 -0.05308266611295612 0.007590632783559742 -0
294 -0.007590632783559743 -0.05308266611295612 0
295 0.00759063278355974 0.05308266611295612 0
296 0.05308266611295612 -0.00759063278355974 0
297 0.06529620862089962 0.02361377748852699 0
298 0.02361377748852699 -0.06529620862089962 0
299 -0.06529620862089962 -0.02361377748852699 0
300 -0.02361377748852699 0.06529620862089962 -0
301 0.01584531952145979 0.04443714164302735 0
302 0.0444371847290629 -0.01584568159117807 0
303 -0.01584531952145981 -0.0444371416430274 0
304 -0.0444371416430274 0.01584531952145981 -0
305 0.05043363479147615 0.04757507799314498 0
306 0.04757507799314498 -0.05043363479147615 0
307 -0.05043363479147615 -0.04757507799314496 0
308 -0.04757507799314496 0.05043363479147615 -0
309 0.007946217954948768 0.005235050123811595 0
310 0.05884946593264313 0.003300308526960937 0
311 -0.003300308526960937 0.05884946593264313 -0
312 0.003300308526960937 -0.05884946593264313 0
313 -0.05884946593264313 -0.003300308526960937 0
314 -0.02187211393642936 -0.01279652919434617 0
315 -0.01279652919434618 0.02187211393642936 -0
316 0.01260743555092889 -0.0219875935487536 0
317 0.02196061743974147 0.01266655187302127 0
318 0.002324423115566481 0.06974222745333579 0
319 0.06974222745333579 -0.002324423115566481 0
320 -0.002324423115566471 -0.06974222745333579 0
321 -0.06974222745333579 0.002324423115566471 -0
322 -0.03645833946268109 -0.05950776612551318 0
323 -0.05950776612551318 0.03645833946268109 -0
324 0.03645833946268111 0.0595077661255132 0
325 0.0595077661255132 -0.03645833946268111 0
326 -0.002851400184910294 0.01540067821834765 -0
327 0.002703582280098635 -0.01538438327190407 0
328 -0.0154518969026107 -0.002708045199330254 0
329 -0.003844001611892502 -0.05903001194615586 0
330 -0.05903001194615586 0.003844001611892502 -0
331 0.003844001611892504 0.05903001194615586 0
332 0.05903001194615586 -0.003844001611892504 0
333 -0.002855359310527913 0.07017909615636878 -0
334 0.07017909615636878 0.002855359310527913 0
335 0.002855359310527915 -0.07017909615636878 0
336 -0.07017909615636878 -0.002855359310527915 0
337 -0.02887801371490623 -0.003647960427598078 0
338 0.003647960427598073 -0.02887801371490622 0
339 -0.003647960427598095 0.02887801371490624 -0
340 0.02887801371490622 0.003647960427598086 0
341 0.02995909925834638 0.06384709732839597 0
342 0.06384709732839597 -0.02995909925834638 0
343 -0.02995909925834638 -0.06384709732839597 0
344 -0.06384709732839597 0.02995909925834638 -0
345 0.03086796908692762 0.02448400239057172 0
346 -0.02448786144451902 0.03086561236014548 -0
347 0.02448400239057172 -0.03086796908692761 0
348 -0.03086561236014548 -0.02448786144451902 0
349 0.04530024743310225 0.02482783811734657 0
350 0.02482783811734657 -0.04530024743310225 0
351 -0.04530024743310226 -0.02482783811734658 0
352 -0.02482783811734657 0.04530024743310226 -0
353 -0.04745770045287392 0.004888359342576209 -0
354 0.004888359342576204 0.04745770045287392 0
355 0.04745789907605091 -0.004890028455011877 0
356 -0.00488835934257621 -0.04745770045287391 0
357 0.0489746044201114 0.0364850346429834 0
358 0.0364850346429834 -0.0489746044201114 0
359 -0.0489746044201114 -0.03648503464298342 0
360 -0.03648503464298342 0.0489746044201114 -0
361 -0.006565615488346876 0.04301285443150639 -0
362 0.0430128544315064 0.006565615488346877 0
363 -0.04301285443150639 -0.006565615488346879 0
364 0.006565615488346878 -0.04301285443150639 0
365 -0.0602850348588146 -0.03517956646520319 0
366 -0.03517956646520319 0.0602850348588146 -0
367 0.06028503485881462 0.03517956646520319 0
368 0.03517956646520319 -0.06028503485881462 0
369 0.01601869570641832 0.002984004915345271 0
370 -0.03026968372403575 -0.03109475057910518 0
371 -0.03109475057910518 0.03026968372403575 -0
372 0.03027008452791027 0.03109409427741342 0
373 0.03109409427741343 -0.03027008452791027 0
374 0.03563584379395782 0.01260957530102425 0
375 0.01260957530102423 -0.03563584379395782 0
376 -0.03563584379395782 -0.01260957530102424 0
377 -0.01260957530102424 0.03563584379395782 -0
378 0.0456482553864662 0.04317028082789054 0
379 0.04317028082789054 -0.0456482553864662 0
380 -0.04564825538646621 -0.04317028082789055 0
381 -0.04317028082789055 0.04564825538646621 -0
382 -0.01642260531331132 -0.05951907003237509 0
383 -0.05951907003237509 0.01642260531331132 -0
384 0.01642260531331132 0.0595190700323751 0
385 0.0595190700323751 -0.01642260531331132 0
386 -0.03908430533330409 -0.04699292846716457 0
387 -0.04699292846716457 0.03908430533330409 -0
388 0.03908430533330406 0.04699292846716457 0
389 0.04699292846716457 -0.03908430533330406 0
390 0.04778783864801745 0.05243557100191829 0
391 0.05243557100191829 -0.04778783864801745 0
392 -0.04778783864801743 -0.05243557100191828 0
393 -0.05243557100191828 0.04778783864801743 -0
$EndNodes
$Elements
720
1 2 2 0 1 122 186 218
2 2 2 0 1 123 187 221
3 2 2 0 1 124 188 219
4 2 2 0 1 125 189 220
5 2 2 0 1 186 94 218
6 2 2 0 1 187 95 221
7 2 2 0 1 188 96 219
8 2 2 0 1 189 97 220
9 2 2 0 1 186 8 206
10 2 2 0 1 187 16 207
11 2 2 0 1 188 24 208
12 2 2 0 1 189 32 209
13 2 2 0 1 18 184 212
14 2 2 0 1 26 185 213
15 2 2 0 1 2 182 210
16 2 2 0 1 10 183 211
17 2 2 0 1 8 41 206
18 2 2 0 1 16 49 207
19 2 2 0 1 24 57 208
20 2 2 0 1 32 65 209
21 2 2 0 1 34 2 210
22 2 2 0 1 42 10 211
23 2 2 0 1 50 18 212
24 2 2 0 1 58 26 213
25 2 2 0 1 126 190 250
26 2 2 0 1 127 191 251
27 2 2 0 1 128 192 252
28 2 2 0 1 129 193 253
29 2 2 0 1 190 74 250
30 2 2 0 1 191 75 251
31 2 2 0 1 193 77 253
32 2 2 0 1 192 76 252
33 2 2 0 1 158 70 177
34 2 2 0 1 159 71 174
35 2 2 0 1 160 73 176
36 2 2 0 1 161 72 175
37 2 2 0 1 148 67 203
38 2 2 0 1 147 69 204
39 2 2 0 1 146 66 205
40 2 2 0 1 149 68 202
41 2 2 0 1 198 258 349
42 2 2 0 1 199 261 350
43 2 2 0 1 200 259 351
44 2 2 0 1 201 260 352
45 2 2 0 1 152 103 248
46 2 2 0 1 150 102 247
47 2 2 0 1 153 104 249
48 2 2 0 1 151 105 246
49 2 2 0 1 66 146 230
50 2 2 0 1 67 148 231
51 2 2 0 1 68 149 232
52 2 2 0 1 69 147 233
53 2 2 0 1 151 72 240
54 2 2 0 1 150 73 241
55 2 2 0 1 152 70 238
56 2 2 0 1 153 71 239
57 2 2 0 1 105 240 303
58 2 2 0 1 102 241 304
59 2 2 0 1 103 238 301
60 2 2 0 1 104 239 302
61 2 2 0 1 72 151 227
62 2 2 0 1 73 150 226
63 2 2 0 1 70 152 229
64 2 2 0 1 71 153 228
65 2 2 0 1 94 174 218
66 2 2 0 1 95 175 221
67 2 2 0 1 96 176 219
68 2 2 0 1 97 177 220
69 2 2 0 1 258 78 349
70 2 2 0 1 261 81 350
71 2 2 0 1 259 79 351
72 2 2 0 1 260 80 352
73 2 2 0 1 105 151 240
74 2 2 0 1 102 150 241
75 2 2 0 1 103 152 238
76 2 2 0 1 104 153 239
77 2 2 0 1 198 114 258
78 2 2 0 1 199 115 261
79 2 2 0 1 200 116 259
80 2 2 0 1 201 117 260
81 2 2 0 1 172 112 273
82 2 2 0 1 173 113 274
83 2 2 0 1 170 110 271
84 2 2 0 1 171 111 272
85 2 2 0 1 86 198 254
86 2 2 0 1 87 199 257
87 2 2 0 1 88 200 255
88 2 2 0 1 89 201 256
89 2 2 0 1 107 146 314
90 2 2 0 1 106 147 316
91 2 2 0 1 109 148 315
92 2 2 0 1 108 149 317
93 2 2 0 1 83 150 247
94 2 2 0 1 84 152 248
95 2 2 0 1 85 153 249
96 2 2 0 1 82 151 246
97 2 2 0 1 18 51 184
98 2 2 0 1 26 59 185
99 2 2 0 1 2 35 182
100 2 2 0 1 10 43 183
101 2 2 0 1 40 8 186
102 2 2 0 1 48 16 187
103 2 2 0 1 56 24 188
104 2 2 0 1 64 32 189
105 2 2 0 1 241 143 304
106 2 2 0 1 240 142 303
107 2 2 0 1 238 144 301
108 2 2 0 1 239 145 302
109 2 2 0 1 146 107 263
110 2 2 0 1 147 106 265
111 2 2 0 1 148 109 266
112 2 2 0 1 149 108 264
113 2 2 0 1 198 130 254
114 2 2 0 1 199 131 257
115 2 2 0 1 200 132 255
116 2 2 0 1 201 133 256
117 2 2 0 1 150 83 337
118 2 2 0 1 152 84 339
119 2 2 0 1 153 85 340
120 2 2 0 1 151 82 338
121 2 2 0 1 174 94 310
122 2 2 0 1 176 96 313
123 2 2 0 1 175 95 312
124 2 2 0 1 177 97 311
125 2 2 0 1 159 174 310
126 2 2 0 1 160 176 313
127 2 2 0 1 161 175 312
128 2 2 0 1 158 177 311
129 2 2 0 1 246 146 263
130 2 2 0 1 247 148 266
131 2 2 0 1 249 147 265
132 2 2 0 1 248 149 264
133 2 2 0 1 110 250 271
134 2 2 0 1 111 251 272
135 2 2 0 1 112 252 273
136 2 2 0 1 113 253 274
137 2 2 0 1 82 246 263
138 2 2 0 1 85 249 265
139 2 2 0 1 83 247 266
140 2 2 0 1 84 248 264
141 2 2 0 1 105 192 230
142 2 2 0 1 102 193 231
143 2 2 0 1 104 191 233
144 2 2 0 1 103 190 232
145 2 2 0 1 106 262 265
146 2 2 0 1 181 101 202
147 2 2 0 1 178 100 204
148 2 2 0 1 179 98 205
149 2 2 0 1 180 99 203
150 2 2 0 1 262 169 265
151 2 2 0 1 162 38 277
152 2 2 0 1 163 46 278
153 2 2 0 1 164 54 275
154 2 2 0 1 165 62 276
155 2 2 0 1 40 186 297
156 2 2 0 1 48 187 298
157 2 2 0 1 56 188 299
158 2 2 0 1 64 189 300
159 2 2 0 1 184 51 291
160 2 2 0 1 185 59 292
161 2 2 0 1 182 35 289
162 2 2 0 1 183 43 290
163 2 2 0 1 181 202 345
164 2 2 0 1 178 204 347
165 2 2 0 1 180 203 346
166 2 2 0 1 179 205 348
167 2 2 0 1 122 218 258
168 2 2 0 1 123 221 261
169 2 2 0 1 124 219 259
170 2 2 0 1 125 220 260
171 2 2 0 1 215 143 293
172 2 2 0 1 214 142 294
173 2 2 0 1 216 144 295
174 2 2 0 1 217 145 296
175 2 2 0 1 70 158 354
176 2 2 0 1 71 159 355
177 2 2 0 1 72 161 356
178 2 2 0 1 73 160 353
179 2 2 0 1 144 216 301
180 2 2 0 1 145 217 302
181 2 2 0 1 143 215 304
182 2 2 0 1 142 214 303
183 2 2 0 1 218 174 288
184 2 2 0 1 221 175 287
185 2 2 0 1 219 176 286
186 2 2 0 1 220 177 285
187 2 2 0 1 169 85 265
188 2 2 0 1 218 78 258
189 2 2 0 1 219 79 259
190 2 2 0 1 220 80 260
191 2 2 0 1 221 81 261
192 2 2 0 1 230 192 283
193 2 2 0 1 231 193 284
194 2 2 0 1 232 190 282
195 2 2 0 1 233 191 281
196 2 2 0 1 182 90 210
197 2 2 0 1 183 91 211
198 2 2 0 1 184 92 212
199 2 2 0 1 185 93 213
200 2 2 0 1 94 186 206
201 2 2 0 1 95 187 207
202 2 2 0 1 96 188 208
203 2 2 0 1 97 189 209
204 2 2 0 1 110 170 324
205 2 2 0 1 111 171 325
206 2 2 0 1 112 172 322
207 2 2 0 1 113 173 323
208 2 2 0 1 39 7 222
209 2 2 0 1 47 15 223
210 2 2 0 1 55 23 224
211 2 2 0 1 63 31 225
212 2 2 0 1 90 216 295
213 2 2 0 1 91 217 296
214 2 2 0 1 92 214 294
215 2 2 0 1 93 215 293
216 2 2 0 1 202 68 345
217 2 2 0 1 204 69 347
218 2 2 0 1 203 67 346
219 2 2 0 1 205 66 348
220 2 2 0 1 170 118 341
221 2 2 0 1 171 119 342
222 2 2 0 1 172 120 343
223 2 2 0 1 173 121 344
224 2 2 0 1 107 166 263
225 2 2 0 1 109 167 266
226 2 2 0 1 167 83 266
227 2 2 0 1 168 84 264
228 2 2 0 1 166 82 263
229 2 2 0 1 54 164 307
230 2 2 0 1 62 165 308
231 2 2 0 1 38 162 305
232 2 2 0 1 46 163 306
233 2 2 0 1 83 167 328
234 2 2 0 1 84 168 326
235 2 2 0 1 82 166 327
236 2 2 0 1 85 169 369
237 2 2 0 1 216 74 301
238 2 2 0 1 217 75 302
239 2 2 0 1 214 76 303
240 2 2 0 1 215 77 304
241 2 2 0 1 186 122 297
242 2 2 0 1 187 123 298
243 2 2 0 1 188 124 299
244 2 2 0 1 189 125 300
245 2 2 0 1 118 182 289
246 2 2 0 1 119 183 290
247 2 2 0 1 120 184 291
248 2 2 0 1 121 185 292
249 2 2 0 1 216 118 271
250 2 2 0 1 217 119 272
251 2 2 0 1 214 120 273
252 2 2 0 1 215 121 274
253 2 2 0 1 84 196 339
254 2 2 0 1 83 194 337
255 2 2 0 1 82 195 338
256 2 2 0 1 85 197 340
257 2 2 0 1 166 107 280
258 2 2 0 1 167 109 279
259 2 2 0 1 193 102 304
260 2 2 0 1 192 105 303
261 2 2 0 1 190 103 301
262 2 2 0 1 191 104 302
263 2 2 0 1 178 131 267
264 2 2 0 1 180 133 268
265 2 2 0 1 179 132 270
266 2 2 0 1 181 130 269
267 2 2 0 1 264 108 309
268 2 2 0 1 76 214 273
269 2 2 0 1 77 215 274
270 2 2 0 1 74 216 271
271 2 2 0 1 75 217 272
272 2 2 0 1 222 7 297
273 2 2 0 1 223 15 298
274 2 2 0 1 224 23 299
275 2 2 0 1 225 31 300
276 2 2 0 1 149 202 317
277 2 2 0 1 148 203 315
278 2 2 0 1 147 204 316
279 2 2 0 1 146 205 314
280 2 2 0 1 38 6 277
281 2 2 0 1 46 14 278
282 2 2 0 1 54 22 275
283 2 2 0 1 62 30 276
284 2 2 0 1 234 110 324
285 2 2 0 1 235 111 325
286 2 2 0 1 236 112 322
287 2 2 0 1 237 113 323
288 2 2 0 1 120 291 343
289 2 2 0 1 121 292 344
290 2 2 0 1 118 289 341
291 2 2 0 1 119 290 342
292 2 2 0 1 168 264 309
293 2 2 0 1 94 206 310
294 2 2 0 1 95 207 312
295 2 2 0 1 96 208 313
296 2 2 0 1 97 209 311
297 2 2 0 1 33 168 309
298 2 2 0 1 169 33 309
299 2 2 0 1 33 167 279
300 2 2 0 1 167 33 280
301 2 2 0 1 168 33 279
302 2 2 0 1 33 166 280
303 2 2 0 1 33 169 262
304 2 2 0 1 166 33 262
305 2 2 0 1 209 134 311
306 2 2 0 1 206 135 310
307 2 2 0 1 207 136 312
308 2 2 0 1 208 137 313
309 2 2 0 1 177 138 285
310 2 2 0 1 175 141 287
311 2 2 0 1 174 139 288
312 2 2 0 1 176 140 286
313 2 2 0 1 120 172 273
314 2 2 0 1 121 173 274
315 2 2 0 1 118 170 271
316 2 2 0 1 119 171 272
317 2 2 0 1 100 178 375
318 2 2 0 1 101 181 374
319 2 2 0 1 98 179 376
320 2 2 0 1 99 180 377
321 2 2 0 1 212 92 329
322 2 2 0 1 213 93 330
323 2 2 0 1 210 90 331
324 2 2 0 1 211 91 332
325 2 2 0 1 182 118 384
326 2 2 0 1 183 119 385
327 2 2 0 1 184 120 382
328 2 2 0 1 185 121 383
329 2 2 0 1 133 180 346
330 2 2 0 1 132 179 348
331 2 2 0 1 131 178 347
332 2 2 0 1 130 181 345
333 2 2 0 1 242 88 255
334 2 2 0 1 243 89 256
335 2 2 0 1 244 86 254
336 2 2 0 1 245 87 257
337 2 2 0 1 138 177 361
338 2 2 0 1 141 175 364
339 2 2 0 1 139 174 362
340 2 2 0 1 140 176 363
341 2 2 0 1 98 194 314
342 2 2 0 1 100 195 316
343 2 2 0 1 99 196 315
344 2 2 0 1 101 197 317
345 2 2 0 1 205 98 314
346 2 2 0 1 202 101 317
347 2 2 0 1 204 100 316
348 2 2 0 1 203 99 315
349 2 2 0 1 136 212 329
350 2 2 0 1 137 213 330
351 2 2 0 1 134 210 331
352 2 2 0 1 135 211 332
353 2 2 0 1 128 242 255
354 2 2 0 1 129 243 256
355 2 2 0 1 126 244 254
356 2 2 0 1 127 245 257
357 2 2 0 1 4 37 234
358 2 2 0 1 12 45 235
359 2 2 0 1 20 53 236
360 2 2 0 1 28 61 237
361 2 2 0 1 177 70 361
362 2 2 0 1 174 71 362
363 2 2 0 1 175 72 364
364 2 2 0 1 176 73 363
365 2 2 0 1 234 154 388
366 2 2 0 1 235 155 389
367 2 2 0 1 236 156 386
368 2 2 0 1 237 157 387
369 2 2 0 1 256 133 371
370 2 2 0 1 255 132 370
371 2 2 0 1 254 130 372
372 2 2 0 1 257 131 373
373 2 2 0 1 90 182 384
374 2 2 0 1 91 183 385
375 2 2 0 1 92 184 382
376 2 2 0 1 93 185 383
377 2 2 0 1 230 146 246
378 2 2 0 1 231 148 247
379 2 2 0 1 233 147 249
380 2 2 0 1 232 149 248
381 2 2 0 1 197 85 369
382 2 2 0 1 195 82 327
383 2 2 0 1 196 84 326
384 2 2 0 1 194 83 328
385 2 2 0 1 270 140 376
386 2 2 0 1 267 141 375
387 2 2 0 1 268 138 377
388 2 2 0 1 269 139 374
389 2 2 0 1 132 348 370
390 2 2 0 1 133 346 371
391 2 2 0 1 131 347 373
392 2 2 0 1 130 345 372
393 2 2 0 1 198 86 357
394 2 2 0 1 199 87 358
395 2 2 0 1 200 88 359
396 2 2 0 1 201 89 360
397 2 2 0 1 178 267 375
398 2 2 0 1 179 270 376
399 2 2 0 1 180 268 377
400 2 2 0 1 181 269 374
401 2 2 0 1 378 86 388
402 2 2 0 1 379 87 389
403 2 2 0 1 380 88 386
404 2 2 0 1 381 89 387
405 2 2 0 1 242 128 252
406 2 2 0 1 243 129 253
407 2 2 0 1 244 126 250
408 2 2 0 1 245 127 251
409 2 2 0 1 122 222 297
410 2 2 0 1 123 223 298
411 2 2 0 1 124 224 299
412 2 2 0 1 125 225 300
413 2 2 0 1 222 122 258
414 2 2 0 1 223 123 261
415 2 2 0 1 224 124 259
416 2 2 0 1 225 125 260
417 2 2 0 1 103 232 248
418 2 2 0 1 102 231 247
419 2 2 0 1 105 230 246
420 2 2 0 1 104 233 249
421 2 2 0 1 114 222 258
422 2 2 0 1 115 223 261
423 2 2 0 1 116 224 259
424 2 2 0 1 117 225 260
425 2 2 0 1 88 242 386
426 2 2 0 1 89 243 387
427 2 2 0 1 86 244 388
428 2 2 0 1 87 245 389
429 2 2 0 1 112 236 386
430 2 2 0 1 113 237 387
431 2 2 0 1 110 234 388
432 2 2 0 1 111 235 389
433 2 2 0 1 154 234 390
434 2 2 0 1 155 235 391
435 2 2 0 1 156 236 392
436 2 2 0 1 157 237 393
437 2 2 0 1 190 126 282
438 2 2 0 1 191 127 281
439 2 2 0 1 193 129 284
440 2 2 0 1 192 128 283
441 2 2 0 1 250 74 271
442 2 2 0 1 251 75 272
443 2 2 0 1 252 76 273
444 2 2 0 1 253 77 274
445 2 2 0 1 110 244 250
446 2 2 0 1 111 245 251
447 2 2 0 1 112 242 252
448 2 2 0 1 113 243 253
449 2 2 0 1 34 210 318
450 2 2 0 1 42 211 319
451 2 2 0 1 50 212 320
452 2 2 0 1 58 213 321
453 2 2 0 1 74 190 301
454 2 2 0 1 75 191 302
455 2 2 0 1 76 192 303
456 2 2 0 1 77 193 304
457 2 2 0 1 5 38 305
458 2 2 0 1 13 46 306
459 2 2 0 1 21 54 307
460 2 2 0 1 29 62 308
461 2 2 0 1 357 86 378
462 2 2 0 1 358 87 379
463 2 2 0 1 359 88 380
464 2 2 0 1 360 89 381
465 2 2 0 1 234 37 390
466 2 2 0 1 235 45 391
467 2 2 0 1 236 53 392
468 2 2 0 1 237 61 393
469 2 2 0 1 134 209 333
470 2 2 0 1 135 206 334
471 2 2 0 1 136 207 335
472 2 2 0 1 137 208 336
473 2 2 0 1 116 200 359
474 2 2 0 1 117 201 360
475 2 2 0 1 114 198 357
476 2 2 0 1 115 199 358
477 2 2 0 1 101 228 340
478 2 2 0 1 98 226 337
479 2 2 0 1 99 229 339
480 2 2 0 1 100 227 338
481 2 2 0 1 194 98 337
482 2 2 0 1 195 100 338
483 2 2 0 1 196 99 339
484 2 2 0 1 197 101 340
485 2 2 0 1 52 322 343
486 2 2 0 1 60 323 344
487 2 2 0 1 36 324 341
488 2 2 0 1 44 325 342
489 2 2 0 1 1 34 318
490 2 2 0 1 9 42 319
491 2 2 0 1 17 50 320
492 2 2 0 1 25 58 321
493 2 2 0 1 162 277 357
494 2 2 0 1 163 278 358
495 2 2 0 1 164 275 359
496 2 2 0 1 165 276 360
497 2 2 0 1 226 150 337
498 2 2 0 1 227 151 338
499 2 2 0 1 228 153 340
500 2 2 0 1 229 152 339
501 2 2 0 1 268 133 352
502 2 2 0 1 270 132 351
503 2 2 0 1 269 130 349
504 2 2 0 1 267 131 350
505 2 2 0 1 216 90 384
506 2 2 0 1 217 91 385
507 2 2 0 1 214 92 382
508 2 2 0 1 215 93 383
509 2 2 0 1 194 107 314
510 2 2 0 1 196 109 315
511 2 2 0 1 195 106 316
512 2 2 0 1 197 108 317
513 2 2 0 1 277 114 357
514 2 2 0 1 278 115 358
515 2 2 0 1 275 116 359
516 2 2 0 1 276 117 360
517 2 2 0 1 78 218 288
518 2 2 0 1 79 219 286
519 2 2 0 1 80 220 285
520 2 2 0 1 81 221 287
521 2 2 0 1 206 41 334
522 2 2 0 1 207 49 335
523 2 2 0 1 208 57 336
524 2 2 0 1 209 65 333
525 2 2 0 1 109 196 326
526 2 2 0 1 106 195 327
527 2 2 0 1 107 194 328
528 2 2 0 1 6 39 367
529 2 2 0 1 14 47 368
530 2 2 0 1 22 55 365
531 2 2 0 1 30 63 366
532 2 2 0 1 210 134 318
533 2 2 0 1 211 135 319
534 2 2 0 1 212 136 320
535 2 2 0 1 213 137 321
536 2 2 0 1 66 230 283
537 2 2 0 1 67 231 284
538 2 2 0 1 68 232 282
539 2 2 0 1 69 233 281
540 2 2 0 1 324 170 341
541 2 2 0 1 325 171 342
542 2 2 0 1 322 172 343
543 2 2 0 1 323 173 344
544 2 2 0 1 52 20 322
545 2 2 0 1 60 28 323
546 2 2 0 1 36 4 324
547 2 2 0 1 44 12 325
548 2 2 0 1 118 216 384
549 2 2 0 1 119 217 385
550 2 2 0 1 120 214 382
551 2 2 0 1 121 215 383
552 2 2 0 1 222 114 367
553 2 2 0 1 223 115 368
554 2 2 0 1 224 116 365
555 2 2 0 1 225 117 366
556 2 2 0 1 108 197 369
557 2 2 0 1 130 198 349
558 2 2 0 1 131 199 350
559 2 2 0 1 132 200 351
560 2 2 0 1 133 201 352
561 2 2 0 1 51 19 291
562 2 2 0 1 59 27 292
563 2 2 0 1 35 3 289
564 2 2 0 1 43 11 290
565 2 2 0 1 262 106 327
566 2 2 0 1 268 80 285
567 2 2 0 1 270 79 286
568 2 2 0 1 269 78 288
569 2 2 0 1 267 81 287
570 2 2 0 1 7 40 297
571 2 2 0 1 15 48 298
572 2 2 0 1 23 56 299
573 2 2 0 1 31 64 300
574 2 2 0 1 229 99 377
575 2 2 0 1 228 101 374
576 2 2 0 1 226 98 376
577 2 2 0 1 227 100 375
578 2 2 0 1 139 228 374
579 2 2 0 1 140 226 376
580 2 2 0 1 138 229 377
581 2 2 0 1 141 227 375
582 2 2 0 1 55 224 365
583 2 2 0 1 63 225 366
584 2 2 0 1 39 222 367
585 2 2 0 1 47 223 368
586 2 2 0 1 140 270 286
587 2 2 0 1 141 267 287
588 2 2 0 1 138 268 285
589 2 2 0 1 139 269 288
590 2 2 0 1 164 359 380
591 2 2 0 1 165 360 381
592 2 2 0 1 162 357 378
593 2 2 0 1 163 358 379
594 2 2 0 1 166 262 327
595 2 2 0 1 72 227 364
596 2 2 0 1 71 228 362
597 2 2 0 1 70 229 361
598 2 2 0 1 73 226 363
599 2 2 0 1 228 139 362
600 2 2 0 1 229 138 361
601 2 2 0 1 226 140 363
602 2 2 0 1 227 141 364
603 2 2 0 1 144 238 354
604 2 2 0 1 145 239 355
605 2 2 0 1 142 240 356
606 2 2 0 1 143 241 353
607 2 2 0 1 65 1 333
608 2 2 0 1 41 9 334
609 2 2 0 1 49 17 335
610 2 2 0 1 57 25 336
611 2 2 0 1 20 236 322
612 2 2 0 1 28 237 323
613 2 2 0 1 4 234 324
614 2 2 0 1 12 235 325
615 2 2 0 1 3 36 341
616 2 2 0 1 11 44 342
617 2 2 0 1 19 52 343
618 2 2 0 1 27 60 344
619 2 2 0 1 240 72 356
620 2 2 0 1 238 70 354
621 2 2 0 1 239 71 355
622 2 2 0 1 241 73 353
623 2 2 0 1 158 295 354
624 2 2 0 1 159 296 355
625 2 2 0 1 160 293 353
626 2 2 0 1 161 294 356
627 2 2 0 1 37 5 390
628 2 2 0 1 45 13 391
629 2 2 0 1 53 21 392
630 2 2 0 1 61 29 393
631 2 2 0 1 92 294 329
632 2 2 0 1 93 293 330
633 2 2 0 1 90 295 331
634 2 2 0 1 91 296 332
635 2 2 0 1 275 22 365
636 2 2 0 1 276 30 366
637 2 2 0 1 277 6 367
638 2 2 0 1 278 14 368
639 2 2 0 1 295 158 331
640 2 2 0 1 296 159 332
641 2 2 0 1 293 160 330
642 2 2 0 1 294 161 329
643 2 2 0 1 280 107 328
644 2 2 0 1 279 109 326
645 2 2 0 1 320 136 335
646 2 2 0 1 321 137 336
647 2 2 0 1 318 134 333
648 2 2 0 1 319 135 334
649 2 2 0 1 114 277 367
650 2 2 0 1 115 278 368
651 2 2 0 1 116 275 365
652 2 2 0 1 117 276 366
653 2 2 0 1 126 254 372
654 2 2 0 1 127 257 373
655 2 2 0 1 128 255 370
656 2 2 0 1 129 256 371
657 2 2 0 1 242 112 386
658 2 2 0 1 243 113 387
659 2 2 0 1 244 110 388
660 2 2 0 1 245 111 389
661 2 2 0 1 154 378 388
662 2 2 0 1 155 379 389
663 2 2 0 1 156 380 386
664 2 2 0 1 157 381 387
665 2 2 0 1 167 280 328
666 2 2 0 1 168 279 326
667 2 2 0 1 305 162 378
668 2 2 0 1 306 163 379
669 2 2 0 1 307 164 380
670 2 2 0 1 308 165 381
671 2 2 0 1 154 305 378
672 2 2 0 1 155 306 379
673 2 2 0 1 156 307 380
674 2 2 0 1 157 308 381
675 2 2 0 1 80 268 352
676 2 2 0 1 79 270 351
677 2 2 0 1 78 269 349
678 2 2 0 1 81 267 350
679 2 2 0 1 309 108 369
680 2 2 0 1 311 134 331
681 2 2 0 1 310 135 332
682 2 2 0 1 312 136 329
683 2 2 0 1 313 137 330
684 2 2 0 1 289 3 341
685 2 2 0 1 290 11 342
686 2 2 0 1 291 19 343
687 2 2 0 1 292 27 344
688 2 2 0 1 282 126 372
689 2 2 0 1 281 127 373
690 2 2 0 1 284 129 371
691 2 2 0 1 283 128 370
692 2 2 0 1 160 313 330
693 2 2 0 1 161 312 329
694 2 2 0 1 158 311 331
695 2 2 0 1 159 310 332
696 2 2 0 1 169 309 369
697 2 2 0 1 348 66 370
698 2 2 0 1 346 67 371
699 2 2 0 1 347 69 373
700 2 2 0 1 345 68 372
701 2 2 0 1 66 283 370
702 2 2 0 1 67 284 371
703 2 2 0 1 68 282 372
704 2 2 0 1 69 281 373
705 2 2 0 1 1 318 333
706 2 2 0 1 9 319 334
707 2 2 0 1 17 320 335
708 2 2 0 1 25 321 336
709 2 2 0 1 295 144 354
710 2 2 0 1 296 145 355
711 2 2 0 1 294 142 356
712 2 2 0 1 293 143 353
713 2 2 0 1 21 307 392
714 2 2 0 1 29 308 393
715 2 2 0 1 5 305 390
716 2 2 0 1 13 306 391
717 2 2 0 1 305 154 390
718 2 2 0 1 306 155 391
719 2 2 0 1 307 156 392
720 2 2 0 1 308 157 393
720 2 2 0 1 308 157 393
$EndElements
