$MeshFormat
2.2 0 8
$EndMeshFormat
$Nodes
70
1 0 0.075 0
2 0.014632 0.073559 0
3 0.028701 0.06929100000000001 0
4 0.041668 0.06236 0
5 0.053033 0.053033 0
6 0.06236 0.041668 0
7 0.06929100000000001 0.028701 0
8 0.073559 0.014632 0
9 0.075 0 0
10 0.073559 -0.014632 0
11 0.06929100000000001 -0.028701 0
12 0.06236 -0.041668 0
13 0.053033 -0.053033 0
14 0.041668 -0.06236 0
15 0.028701 -0.06929100000000001 0
16 0.014632 -0.073559 0
17 -0 -0.075 0
18 -0.014632 -0.073559 0
19 -0.028701 -0.06929100000000001 0
20 -0.041668 -0.06236 0
21 -0.053033 -0.053033 0
22 -0.06236 -0.041668 0
23 -0.06929100000000001 -0.028701 0
24 -0.073559 -0.014632 0
25 -0.075 0 0
26 -0.073559 0.014632 0
27 -0.06929100000000001 0.028701 0
28 -0.06236 0.041668 0
29 -0.053033 0.053033 0
30 -0.041668 0.06236 0
31 -0.028701 0.06929100000000001 0
32 -0.014632 0.073559 0
33 0 0 0
34 0.03605906525707906 -0.01093781924921554 0
35 0.009131878686012496 -0.03545244943475653 0
36 -0.02135841236574385 -0.02530438662899914 0
37 -0.03391893010174427 0.004057303710826014 -0
38 -0.0148273126884117 0.02924782038951441 -0
39 0.01248299697289244 0.03373407832816398 0
40 0.04161982059527611 0.02216735132986628 0
41 0.05459894967973462 0.00537780474224287 0
42 -0.01537530631500008 -0.05155240541222322 0
43 -0.04746649250607657 -0.0250180850421085 0
44 -0.0416281787057023 0.03388788990298228 -0
45 -0.005128676365142871 0.05361871991015481 -0
46 0.03498893995883808 -0.04079735895982232 0
47 0.01634415164548905 0.05388045477984661 0
48 0.035719559993793 0.04352413662801089 0
49 -0.05604845647863222 -0.005520556197765794 0
50 -0.05389493980927657 0.01634854585300963 -0
51 0.04920940436056562 -0.02630301940488009 0
52 0.005534244257845227 -0.05618744585759285 0
53 -0.03642385038489768 -0.04438231828287362 0
54 -0.027090513028412 0.05068270255943134 -0
55 0.05961956988289655 -0.01253267231864212 0
56 0.02236529401706332 -0.05496651295038752 0
57 0.06006859253678796 0.01822139750138681 0
58 0.03037713387544838 0.05683161547534238 0
59 0.04913856764517986 0.03959608369830338 0
60 0.006196427912412344 0.06291129820570253 0
61 -0.05575471371776728 0.02980155716648761 -0
62 -0.06049775010771546 -0.0183515876010896 0
63 -0.06413706077767682 0.006316958979782475 -0
64 -0.006200786853833735 -0.06295555915704036 0
65 0.04874884845823953 -0.04000736353453585 0
66 0.05649559615544878 0.03007076650591129 0
67 -0.0299463191275461 -0.05602554452847937 0
68 -0.04910684882427038 -0.04030116638662294 0
69 -0.01844473668425893 0.06080480597723498 -0
70 -0.04031001119507081 0.04911762627125334 -0
$EndNodes
$Elements
106
1 2 2 0 1 33 39 40
2 2 2 0 1 34 33 40
3 2 2 0 1 22 23 43
4 2 2 0 1 18 19 42
5 2 2 0 1 28 29 44
6 2 2 0 1 32 1 45
7 2 2 0 1 13 14 46
8 2 2 0 1 34 40 41
9 2 2 0 1 8 9 41
10 2 2 0 1 36 35 42
11 2 2 0 1 38 37 44
12 2 2 0 1 39 38 45
13 2 2 0 1 37 36 43
14 2 2 0 1 15 16 56
15 2 2 0 1 10 11 55
16 2 2 0 1 9 10 55
17 2 2 0 1 14 15 56
18 2 2 0 1 35 34 46
19 2 2 0 1 11 12 51
20 2 2 0 1 22 43 68
21 2 2 0 1 42 19 67
22 2 2 0 1 44 29 70
23 2 2 0 1 32 45 69
24 2 2 0 1 43 23 62
25 2 2 0 1 18 42 64
26 2 2 0 1 28 44 61
27 2 2 0 1 45 1 60
28 2 2 0 1 4 5 48
29 2 2 0 1 2 3 47
30 2 2 0 1 24 25 49
31 2 2 0 1 26 27 50
32 2 2 0 1 16 17 52
33 2 2 0 1 13 46 65
34 2 2 0 1 46 14 56
35 2 2 0 1 41 9 55
36 2 2 0 1 33 35 36
37 2 2 0 1 33 37 38
38 2 2 0 1 33 38 39
39 2 2 0 1 33 36 37
40 2 2 0 1 20 21 53
41 2 2 0 1 30 31 54
42 2 2 0 1 44 37 50
43 2 2 0 1 39 45 47
44 2 2 0 1 37 43 49
45 2 2 0 1 42 35 52
46 2 2 0 1 16 52 56
47 2 2 0 1 33 34 35
48 2 2 0 1 11 51 55
49 2 2 0 1 46 34 51
50 2 2 0 1 8 41 57
51 2 2 0 1 50 49 63
52 2 2 0 1 48 47 58
53 2 2 0 1 40 39 48
54 2 2 0 1 51 12 65
55 2 2 0 1 48 5 59
56 2 2 0 1 2 47 60
57 2 2 0 1 50 27 61
58 2 2 0 1 24 49 62
59 2 2 0 1 4 48 58
60 2 2 0 1 47 3 58
61 2 2 0 1 49 25 63
62 2 2 0 1 26 50 63
63 2 2 0 1 52 17 64
64 2 2 0 1 54 44 70
65 2 2 0 1 45 54 69
66 2 2 0 1 43 53 68
67 2 2 0 1 53 42 67
68 2 2 0 1 7 8 57
69 2 2 0 1 42 52 64
70 2 2 0 1 44 50 61
71 2 2 0 1 53 21 68
72 2 2 0 1 20 53 67
73 2 2 0 1 47 45 60
74 2 2 0 1 49 43 62
75 2 2 0 1 34 41 55
76 2 2 0 1 5 6 59
77 2 2 0 1 54 31 69
78 2 2 0 1 30 54 70
79 2 2 0 1 1 2 60
80 2 2 0 1 27 28 61
81 2 2 0 1 23 24 62
82 2 2 0 1 12 13 65
83 2 2 0 1 17 18 64
84 2 2 0 1 3 4 58
85 2 2 0 1 25 26 63
86 2 2 0 1 40 48 59
87 2 2 0 1 19 20 67
88 2 2 0 1 21 22 68
89 2 2 0 1 31 32 69
90 2 2 0 1 29 30 70
91 2 2 0 1 6 7 66
92 2 2 0 1 41 40 57
93 2 2 0 1 46 51 65
94 2 2 0 1 38 44 54
95 2 2 0 1 45 38 54
96 2 2 0 1 43 36 53
97 2 2 0 1 36 42 53
98 2 2 0 1 37 49 50
99 2 2 0 1 39 47 48
100 2 2 0 1 35 46 56
101 2 2 0 1 40 59 66
102 2 2 0 1 57 40 66
103 2 2 0 1 51 34 55
104 2 2 0 1 52 35 56
105 2 2 0 1 7 57 66
106 2 2 0 1 59 6 66
106 2 2 0 1 59 6 66
$EndElements
