$MeshFormat
2.2 0 8
$EndMeshFormat
$Nodes
56
1 0 0.075 0
2 0.014632 0.073559 0
3 0.028701 0.06929100000000001 0
4 0.041668 0.06236 0
5 0.053033 0.053033 0
6 0.06236 0.041668 0
7 0.06929100000000001 0.028701 0
8 0.073559 0.014632 0
9 0.075 0 0
10 0.073559 -0.014632 0
11 0.06929100000000001 -0.028701 0
12 0.06236 -0.041668 0
13 0.053033 -0.053033 0
14 0.041668 -0.06236 0
15 0.028701 -0.06929100000000001 0
16 0.014632 -0.073559 0
17 -0 -0.075 0
18 -0.014632 -0.073559 0
19 -0.028701 -0.06929100000000001 0
20 -0.041668 -0.06236 0
21 -0.053033 -0.053033 0
22 -0.06236 -0.041668 0
23 -0.06929100000000001 -0.028701 0
24 -0.073559 -0.014632 0
25 -0.075 0 0
26 -0.073559 0.014632 0
27 -0.06929100000000001 0.028701 0
28 -0.06236 0.041668 0
29 -0.053033 0.053033 0
30 -0.041668 0.06236 0
31 -0.028701 0.06929100000000001 0
32 -0.014632 0.073559 0
33 0 0 0
34 0.03605906525707906 -0.01093781924921554 0
35 0.005898019492566684 -0.03148828191682732 0
36 -0.02374384800306182 -0.02159429647388224 0
37 -0.0328175238087676 0.00464510405563784 -0
38 -0.0154591379296282 0.03059147992062049 -0
39 0.01366629653163212 0.02997434971134973 0
40 0.04168725738608638 0.0220688198181311 0
41 0.05844890279150272 0.0004356255236317545 0
42 -0.05082118875263322 -0.0154160865801577 0
43 0.008702512032431628 0.05368768161507236 0
44 -0.04683723071355433 0.02503506725346223 -0
45 -0.02011369071941473 -0.05002371859263853 0
46 0.03144324762400808 -0.04422865234693082 0
47 -0.04518202343553252 -0.03803233858848441 0
48 -0.01430079624940291 0.05760798775184148 -0
49 -0.03617452506332958 0.04481863928734034 -0
50 0.03388853590380861 0.04732191816686012 0
51 0.006561225199594291 -0.05959280755091381 0
52 0.05210505925478068 -0.02693302743974554 0
53 -0.06026927761070787 0.006137869246991766 -0
54 0.06006859253678796 0.01822139750138681 0
55 0.05682503579380529 0.03037365574819652 0
56 0.04976168537651016 0.04083857602346767 0
$EndNodes
$Elements
78
1 2 2 0 1 3 4 50
2 2 2 0 1 30 31 49
3 2 2 0 1 28 29 49
4 2 2 0 1 32 1 48
5 2 2 0 1 22 23 47
6 2 2 0 1 20 21 47
7 2 2 0 1 41 10 52
8 2 2 0 1 17 18 51
9 2 2 0 1 15 16 51
10 2 2 0 1 43 3 50
11 2 2 0 1 45 20 47
12 2 2 0 1 46 15 51
13 2 2 0 1 24 25 53
14 2 2 0 1 26 27 53
15 2 2 0 1 10 11 52
16 2 2 0 1 12 13 52
17 2 2 0 1 18 19 45
18 2 2 0 1 1 2 43
19 2 2 0 1 27 28 44
20 2 2 0 1 23 24 42
21 2 2 0 1 13 14 46
22 2 2 0 1 8 9 41
23 2 2 0 1 44 28 49
24 2 2 0 1 1 43 48
25 2 2 0 1 23 42 47
26 2 2 0 1 27 44 53
27 2 2 0 1 18 45 51
28 2 2 0 1 42 24 53
29 2 2 0 1 31 48 49
30 2 2 0 1 13 46 52
31 2 2 0 1 21 22 47
32 2 2 0 1 31 32 48
33 2 2 0 1 29 30 49
34 2 2 0 1 4 5 50
35 2 2 0 1 11 12 52
36 2 2 0 1 16 17 51
37 2 2 0 1 25 26 53
38 2 2 0 1 34 40 41
39 2 2 0 1 8 41 54
40 2 2 0 1 33 39 40
41 2 2 0 1 36 35 45
42 2 2 0 1 34 33 40
43 2 2 0 1 35 46 51
44 2 2 0 1 38 37 44
45 2 2 0 1 39 38 43
46 2 2 0 1 37 36 42
47 2 2 0 1 39 43 50
48 2 2 0 1 36 45 47
49 2 2 0 1 7 8 54
50 2 2 0 1 34 41 52
51 2 2 0 1 35 34 46
52 2 2 0 1 50 5 56
53 2 2 0 1 6 7 55
54 2 2 0 1 5 6 56
55 2 2 0 1 38 44 49
56 2 2 0 1 43 38 48
57 2 2 0 1 42 36 47
58 2 2 0 1 45 35 51
59 2 2 0 1 46 34 52
60 2 2 0 1 33 35 36
61 2 2 0 1 33 37 38
62 2 2 0 1 33 38 39
63 2 2 0 1 33 36 37
64 2 2 0 1 40 50 56
65 2 2 0 1 33 34 35
66 2 2 0 1 40 39 50
67 2 2 0 1 41 40 54
68 2 2 0 1 55 40 56
69 2 2 0 1 7 54 55
70 2 2 0 1 6 55 56
71 2 2 0 1 44 37 53
72 2 2 0 1 37 42 53
73 2 2 0 1 54 40 55
74 2 2 0 1 48 38 49
75 2 2 0 1 2 3 43
76 2 2 0 1 9 10 41
77 2 2 0 1 14 15 46
78 2 2 0 1 19 20 45
78 2 2 0 1 19 20 45
$EndElements
